#  Needed shift in terms of samples and fine tuning (ns) for each TT
#   shift
610 EB-01   1     0	
610 EB-01   2     0	
610 EB-01   3     0	
610 EB-01   4     0	
610 EB-01   5     0	
610 EB-01   6     0	
610 EB-01   7     0	
610 EB-01   8     0	
610 EB-01   9     0	
610 EB-01  10     0	
610 EB-01  11     0	
610 EB-01  12     0	
610 EB-01  13     0	
610 EB-01  14     0	
610 EB-01  15     0	
610 EB-01  16     0	
610 EB-01  17     0	
610 EB-01  18     0	
610 EB-01  19     0	
610 EB-01  20     0	
610 EB-01  21     0	
610 EB-01  22     0	
610 EB-01  23     0	
610 EB-01  24     0	
610 EB-01  25     0	
610 EB-01  26     0	
610 EB-01  27     0	
610 EB-01  28     0	
610 EB-01  29     0	
610 EB-01  30     0	
610 EB-01  31     0	
610 EB-01  32     0	
610 EB-01  33     0	
610 EB-01  34     0	
610 EB-01  35     0	
610 EB-01  36     0	
610 EB-01  37     0	
610 EB-01  38     0	
610 EB-01  39     0	
610 EB-01  40     0	
610 EB-01  41     0	
610 EB-01  42     0	
610 EB-01  43     0	
610 EB-01  44     0	
610 EB-01  45     0	
610 EB-01  46     0	
610 EB-01  47     0	
610 EB-01  48     0	
610 EB-01  49     0	
610 EB-01  50     0	
610 EB-01  51     0	
610 EB-01  52     0	
610 EB-01  53     0	
610 EB-01  54     0	
610 EB-01  55     0	
610 EB-01  56     0	
610 EB-01  57     0	
610 EB-01  58     0	
610 EB-01  59     0	
610 EB-01  60     0	
610 EB-01  61     0	
610 EB-01  62     0	
610 EB-01  63     0	
610 EB-01  64     0	
610 EB-01  65     0	
610 EB-01  66     0	
610 EB-01  67     0	
610 EB-01  68     0	
611 EB-02   1     0	
611 EB-02   2     0	
611 EB-02   3     0	
611 EB-02   4     0	
611 EB-02   5     0	
611 EB-02   6     0	
611 EB-02   7     0	
611 EB-02   8     0	
611 EB-02   9     0	
611 EB-02  10     0	
611 EB-02  11     0	
611 EB-02  12     0	
611 EB-02  13     0	
611 EB-02  14     0	
611 EB-02  15     0	
611 EB-02  16     0	
611 EB-02  17     0	
611 EB-02  18     0	
611 EB-02  19     0	
611 EB-02  20     0	
611 EB-02  21     0	
611 EB-02  22     0	
611 EB-02  23     0	
611 EB-02  24     0	
611 EB-02  25     0	
611 EB-02  26     0	
611 EB-02  27     0	
611 EB-02  28     0	
611 EB-02  29     0	
611 EB-02  30     0	
611 EB-02  31     0	
611 EB-02  32     0	
611 EB-02  33     0	
611 EB-02  34     0	
611 EB-02  35     0	
611 EB-02  36     0	
611 EB-02  37     0	
611 EB-02  38     0	
611 EB-02  39     0	
611 EB-02  40     0	
611 EB-02  41     0	
611 EB-02  42     0	
611 EB-02  43     0	
611 EB-02  44     0	
611 EB-02  45     0	
611 EB-02  46     0	
611 EB-02  47     0	
611 EB-02  48     0	
611 EB-02  49     0	
611 EB-02  50     0	
611 EB-02  51     0	
611 EB-02  52     0	
611 EB-02  53     0	
611 EB-02  54     0	
611 EB-02  55     0	
611 EB-02  56     0	
611 EB-02  57     0	
611 EB-02  58     0	
611 EB-02  59     0	
611 EB-02  60     0	
611 EB-02  61     0	
611 EB-02  62     0	
611 EB-02  63     0	
611 EB-02  64     0	
611 EB-02  65     0	
611 EB-02  66     0	
611 EB-02  67     0	
611 EB-02  68     0	
612 EB-03   1     0	
612 EB-03   2     0	
612 EB-03   3     0	
612 EB-03   4     0	
612 EB-03   5     0	
612 EB-03   6     0	
612 EB-03   7     0	
612 EB-03   8     0	
612 EB-03   9     0	
612 EB-03  10     0	
612 EB-03  11     0	
612 EB-03  12     0	
612 EB-03  13     0	
612 EB-03  14     0	
612 EB-03  15     0	
612 EB-03  16     0	
612 EB-03  17     0	
612 EB-03  18     0	
612 EB-03  19     0	
612 EB-03  20     0	
612 EB-03  21     0	
612 EB-03  22     0	
612 EB-03  23     0	
612 EB-03  24     0	
612 EB-03  25     0	
612 EB-03  26     0	
612 EB-03  27     0	
612 EB-03  28     0	
612 EB-03  29     0	
612 EB-03  30     0	
612 EB-03  31     0	
612 EB-03  32     0	
612 EB-03  33     0	
612 EB-03  34     0	
612 EB-03  35     0	
612 EB-03  36     0	
612 EB-03  37     0	
612 EB-03  38     0	
612 EB-03  39     0	
612 EB-03  40     0	
612 EB-03  41     0	
612 EB-03  42     0	
612 EB-03  43     0	
612 EB-03  44     0	
612 EB-03  45     0	
612 EB-03  46     0	
612 EB-03  47     0	
612 EB-03  48     0	
612 EB-03  49     0	
612 EB-03  50     0	
612 EB-03  51     0	
612 EB-03  52     0	
612 EB-03  53     0	
612 EB-03  54     0	
612 EB-03  55     0	
612 EB-03  56     0	
612 EB-03  57     0	
612 EB-03  58     0	
612 EB-03  59     0	
612 EB-03  60     0	
612 EB-03  61     0	
612 EB-03  62     0	
612 EB-03  63     0	
612 EB-03  64     0	
612 EB-03  65     0	
612 EB-03  66     0	
612 EB-03  67     0	
612 EB-03  68     0	
613 EB-04   1     0	
613 EB-04   2     0	
613 EB-04   3     0	
613 EB-04   4     0	
613 EB-04   5     0	
613 EB-04   6     0	
613 EB-04   7     0	
613 EB-04   8     0	
613 EB-04   9     0	
613 EB-04  10     0	
613 EB-04  11     0	
613 EB-04  12     0	
613 EB-04  13     0	
613 EB-04  14     0	
613 EB-04  15     0	
613 EB-04  16     0	
613 EB-04  17     0	
613 EB-04  18     0	
613 EB-04  19     0	
613 EB-04  20     0	
613 EB-04  21     0	
613 EB-04  22     0	
613 EB-04  23     0	
613 EB-04  24     0	
613 EB-04  25     0	
613 EB-04  26     0	
613 EB-04  27     0	
613 EB-04  28     0	
613 EB-04  29     0	
613 EB-04  30     0	
613 EB-04  31     0	
613 EB-04  32     0	
613 EB-04  33     0	
613 EB-04  34     0	
613 EB-04  35     0	
613 EB-04  36     0	
613 EB-04  37     0	
613 EB-04  38     0	
613 EB-04  39     0	
613 EB-04  40     0	
613 EB-04  41     0	
613 EB-04  42     0	
613 EB-04  43     0	
613 EB-04  44     0	
613 EB-04  45     0	
613 EB-04  46     0	
613 EB-04  47     0	
613 EB-04  48     0	
613 EB-04  49     0	
613 EB-04  50     0	
613 EB-04  51     0	
613 EB-04  52     0	
613 EB-04  53     0	
613 EB-04  54     0	
613 EB-04  55     0	
613 EB-04  56     0	
613 EB-04  57     0	
613 EB-04  58     0	
613 EB-04  59     0	
613 EB-04  60     0	
613 EB-04  61     0	
613 EB-04  62     0	
613 EB-04  63     0	
613 EB-04  64     0	
613 EB-04  65     0	
613 EB-04  66     0	
613 EB-04  67     0	
613 EB-04  68     0	
614 EB-05   1     0	
614 EB-05   2     0	
614 EB-05   3     0	
614 EB-05   4     0	
614 EB-05   5     0	
614 EB-05   6     0	
614 EB-05   7     0	
614 EB-05   8     0	
614 EB-05   9     0	
614 EB-05  10     0	
614 EB-05  11     0	
614 EB-05  12     0	
614 EB-05  13     0	
614 EB-05  14     0	
614 EB-05  15     0	
614 EB-05  16     0	
614 EB-05  17     0	
614 EB-05  18     0	
614 EB-05  19     0	
614 EB-05  20     0	
614 EB-05  21     0	
614 EB-05  22     0	
614 EB-05  23     0	
614 EB-05  24     0	
614 EB-05  25     0	
614 EB-05  26     0	
614 EB-05  27     0	
614 EB-05  28     0	
614 EB-05  29     0	
614 EB-05  30     0	
614 EB-05  31     0	
614 EB-05  32     0	
614 EB-05  33     0	
614 EB-05  34     0	
614 EB-05  35     0	
614 EB-05  36     0	
614 EB-05  37     0	
614 EB-05  38     0	
614 EB-05  39     0	
614 EB-05  40     0	
614 EB-05  41     0	
614 EB-05  42     0	
614 EB-05  43     0	
614 EB-05  44     0	
614 EB-05  45     0	
614 EB-05  46     0	
614 EB-05  47     0	
614 EB-05  48     0	
614 EB-05  49     0	
614 EB-05  50     0	
614 EB-05  51     0	
614 EB-05  52     0	
614 EB-05  53     0	
614 EB-05  54     0	
614 EB-05  55     0	
614 EB-05  56     0	
614 EB-05  57     0	
614 EB-05  58     0	
614 EB-05  59     0	
614 EB-05  60     0	
614 EB-05  61     0	
614 EB-05  62     0	
614 EB-05  63     0	
614 EB-05  64     0	
614 EB-05  65     0	
614 EB-05  66     0	
614 EB-05  67     0	
614 EB-05  68     0	
615 EB-06   1     0	
615 EB-06   2     0	
615 EB-06   3     0	
615 EB-06   4     0	
615 EB-06   5     0	
615 EB-06   6     0	
615 EB-06   7     0	
615 EB-06   8     0	
615 EB-06   9     0	
615 EB-06  10     0	
615 EB-06  11     0	
615 EB-06  12     0	
615 EB-06  13     0	
615 EB-06  14     0	
615 EB-06  15     0	
615 EB-06  16     0	
615 EB-06  17     0	
615 EB-06  18     0	
615 EB-06  19     0	
615 EB-06  20     0	
615 EB-06  21     0	
615 EB-06  22     0	
615 EB-06  23     0	
615 EB-06  24     0	
615 EB-06  25     0	
615 EB-06  26     0	
615 EB-06  27     0	
615 EB-06  28     0	
615 EB-06  29     0	
615 EB-06  30     0	
615 EB-06  31     0	
615 EB-06  32     0	
615 EB-06  33     0	
615 EB-06  34     0	
615 EB-06  35     0	
615 EB-06  36     0	
615 EB-06  37     0	
615 EB-06  38     0	
615 EB-06  39     0	
615 EB-06  40     0	
615 EB-06  41     0	
615 EB-06  42     0	
615 EB-06  43     0	
615 EB-06  44     0	
615 EB-06  45     0	
615 EB-06  46     0	
615 EB-06  47     0	
615 EB-06  48     0	
615 EB-06  49     0	
615 EB-06  50     0	
615 EB-06  51     0	
615 EB-06  52     0	
615 EB-06  53     0	
615 EB-06  54     0	
615 EB-06  55     0	
615 EB-06  56     0	
615 EB-06  57     0	
615 EB-06  58     0	
615 EB-06  59     0	
615 EB-06  60     0	
615 EB-06  61     0	
615 EB-06  62     0	
615 EB-06  63     0	
615 EB-06  64     0	
615 EB-06  65     0	
615 EB-06  66     0	
615 EB-06  67     0	
615 EB-06  68     0	
616 EB-07   1     0	
616 EB-07   2     0	
616 EB-07   3     0	
616 EB-07   4     0	
616 EB-07   5     0	
616 EB-07   6     0	
616 EB-07   7     0	
616 EB-07   8     0	
616 EB-07   9     0	
616 EB-07  10     0	
616 EB-07  11     0	
616 EB-07  12     0	
616 EB-07  13     0	
616 EB-07  14     0	
616 EB-07  15     0	
616 EB-07  16     0	
616 EB-07  17     0	
616 EB-07  18     0	
616 EB-07  19     0	
616 EB-07  20     0	
616 EB-07  21     0	
616 EB-07  22     0	
616 EB-07  23     0	
616 EB-07  24     0	
616 EB-07  25     0	
616 EB-07  26     0	
616 EB-07  27     0	
616 EB-07  28     0	
616 EB-07  29     0	
616 EB-07  30     0	
616 EB-07  31     0	
616 EB-07  32     0	
616 EB-07  33     0	
616 EB-07  34     0	
616 EB-07  35     0	
616 EB-07  36     0	
616 EB-07  37     0	
616 EB-07  38     0	
616 EB-07  39     0	
616 EB-07  40     0	
616 EB-07  41     0	
616 EB-07  42     0	
616 EB-07  43     0	
616 EB-07  44     0	
616 EB-07  45     0	
616 EB-07  46     0	
616 EB-07  47     0	
616 EB-07  48     0	
616 EB-07  49     0	
616 EB-07  50     0	
616 EB-07  51     0	
616 EB-07  52     0	
616 EB-07  53     0	
616 EB-07  54     0	
616 EB-07  55     0	
616 EB-07  56     0	
616 EB-07  57     0	
616 EB-07  58     0	
616 EB-07  59     0	
616 EB-07  60     0	
616 EB-07  61     0	
616 EB-07  62     0	
616 EB-07  63     0	
616 EB-07  64     0	
616 EB-07  65     0	
616 EB-07  66     0	
616 EB-07  67     0	
616 EB-07  68     0	
617 EB-08   1     0	
617 EB-08   2     0	
617 EB-08   3     0	
617 EB-08   4     0	
617 EB-08   5     0	
617 EB-08   6     0	
617 EB-08   7     0	
617 EB-08   8     0	
617 EB-08   9     0	
617 EB-08  10     0	
617 EB-08  11     0	
617 EB-08  12     0	
617 EB-08  13     0	
617 EB-08  14     0	
617 EB-08  15     0	
617 EB-08  16     0	
617 EB-08  17     0	
617 EB-08  18     0	
617 EB-08  19     0	
617 EB-08  20     0	
617 EB-08  21     0	
617 EB-08  22     0	
617 EB-08  23     0	
617 EB-08  24     0	
617 EB-08  25     0	
617 EB-08  26     0	
617 EB-08  27     0	
617 EB-08  28     0	
617 EB-08  29     0	
617 EB-08  30     0	
617 EB-08  31     0	
617 EB-08  32     0	
617 EB-08  33     0	
617 EB-08  34     0	
617 EB-08  35     0	
617 EB-08  36     0	
617 EB-08  37     0	
617 EB-08  38     0	
617 EB-08  39     0	
617 EB-08  40     0	
617 EB-08  41     0	
617 EB-08  42     0	
617 EB-08  43    -4	
617 EB-08  44     0	
617 EB-08  45     0	
617 EB-08  46     0	
617 EB-08  47     0	
617 EB-08  48     0	
617 EB-08  49     0	
617 EB-08  50     0	
617 EB-08  51     0	
617 EB-08  52     0	
617 EB-08  53     0	
617 EB-08  54     0	
617 EB-08  55     0	
617 EB-08  56     0	
617 EB-08  57     0	
617 EB-08  58     0	
617 EB-08  59     0	
617 EB-08  60     0	
617 EB-08  61     0	
617 EB-08  62     0	
617 EB-08  63     0	
617 EB-08  64     0	
617 EB-08  65     0	
617 EB-08  66     0	
617 EB-08  67     0	
617 EB-08  68     0	
618 EB-09   1     0	
618 EB-09   2     0	
618 EB-09   3     0	
618 EB-09   4     0	
618 EB-09   5     0	
618 EB-09   6     0	
618 EB-09   7     0	
618 EB-09   8     0	
618 EB-09   9     0	
618 EB-09  10     0	
618 EB-09  11     0	
618 EB-09  12     0	
618 EB-09  13     0	
618 EB-09  14     0	
618 EB-09  15     0	
618 EB-09  16     0	
618 EB-09  17     0	
618 EB-09  18     0	
618 EB-09  19     0	
618 EB-09  20     0	
618 EB-09  21     0	
618 EB-09  22     0	
618 EB-09  23     0	
618 EB-09  24     0	
618 EB-09  25     0	
618 EB-09  26     0	
618 EB-09  27     0	
618 EB-09  28     0	
618 EB-09  29     0	
618 EB-09  30     0	
618 EB-09  31     0	
618 EB-09  32     0	
618 EB-09  33     0	
618 EB-09  34     0	
618 EB-09  35     0	
618 EB-09  36     0	
618 EB-09  37     0	
618 EB-09  38     0	
618 EB-09  39     0	
618 EB-09  40     0	
618 EB-09  41     0	
618 EB-09  42     0	
618 EB-09  43     0	
618 EB-09  44     0	
618 EB-09  45     0	
618 EB-09  46     0	
618 EB-09  47     0	
618 EB-09  48     0	
618 EB-09  49     0	
618 EB-09  50     0	
618 EB-09  51     0	
618 EB-09  52     0	
618 EB-09  53     0	
618 EB-09  54     0	
618 EB-09  55     0	
618 EB-09  56     0	
618 EB-09  57     0	
618 EB-09  58     0	
618 EB-09  59     0	
618 EB-09  60     0	
618 EB-09  61     0	
618 EB-09  62     0	
618 EB-09  63     0	
618 EB-09  64     0	
618 EB-09  65     0	
618 EB-09  66     0	
618 EB-09  67     0	
618 EB-09  68     0	
619 EB-10   1     0	
619 EB-10   2     0	
619 EB-10   3     0	
619 EB-10   4     0	
619 EB-10   5     0	
619 EB-10   6     0	
619 EB-10   7     0	
619 EB-10   8     0	
619 EB-10   9     0	
619 EB-10  10     0	
619 EB-10  11     0	
619 EB-10  12     0	
619 EB-10  13     0	
619 EB-10  14     0	
619 EB-10  15     0	
619 EB-10  16     0	
619 EB-10  17     0	
619 EB-10  18     0	
619 EB-10  19     0	
619 EB-10  20     0	
619 EB-10  21     0	
619 EB-10  22     0	
619 EB-10  23     0	
619 EB-10  24     0	
619 EB-10  25     0	
619 EB-10  26     0	
619 EB-10  27     0	
619 EB-10  28     0	
619 EB-10  29     0	
619 EB-10  30     0	
619 EB-10  31     0	
619 EB-10  32     0	
619 EB-10  33     0	
619 EB-10  34     0	
619 EB-10  35     0	
619 EB-10  36     0	
619 EB-10  37     0	
619 EB-10  38     0	
619 EB-10  39     0	
619 EB-10  40     0	
619 EB-10  41     0	
619 EB-10  42     0	
619 EB-10  43     0	
619 EB-10  44     0	
619 EB-10  45     0	
619 EB-10  46     0	
619 EB-10  47     0	
619 EB-10  48     0	
619 EB-10  49     0	
619 EB-10  50     0	
619 EB-10  51     0	
619 EB-10  52     0	
619 EB-10  53     0	
619 EB-10  54     0	
619 EB-10  55     0	
619 EB-10  56     0	
619 EB-10  57     0	
619 EB-10  58     0	
619 EB-10  59     0	
619 EB-10  60    -2	
619 EB-10  61     0	
619 EB-10  62     0	
619 EB-10  63     0	
619 EB-10  64     0	
619 EB-10  65     0	
619 EB-10  66     0	
619 EB-10  67     0	
619 EB-10  68     0	
620 EB-11   1     0	
620 EB-11   2     0	
620 EB-11   3     0	
620 EB-11   4     0	
620 EB-11   5     0	
620 EB-11   6     0	
620 EB-11   7     0	
620 EB-11   8     0	
620 EB-11   9     0	
620 EB-11  10     0	
620 EB-11  11     0	
620 EB-11  12     0	
620 EB-11  13     0	
620 EB-11  14     0	
620 EB-11  15     0	
620 EB-11  16     0	
620 EB-11  17     0	
620 EB-11  18     0	
620 EB-11  19     0	
620 EB-11  20     0	
620 EB-11  21     0	
620 EB-11  22     0	
620 EB-11  23     0	
620 EB-11  24     0	
620 EB-11  25     0	
620 EB-11  26     0	
620 EB-11  27     0	
620 EB-11  28     0	
620 EB-11  29     0	
620 EB-11  30     0	
620 EB-11  31     0	
620 EB-11  32     0	
620 EB-11  33     0	
620 EB-11  34     0	
620 EB-11  35     0	
620 EB-11  36     0	
620 EB-11  37     0	
620 EB-11  38     0	
620 EB-11  39     0	
620 EB-11  40     0	
620 EB-11  41     0	
620 EB-11  42     0	
620 EB-11  43     0	
620 EB-11  44     0	
620 EB-11  45     0	
620 EB-11  46     0	
620 EB-11  47     0	
620 EB-11  48     0	
620 EB-11  49     0	
620 EB-11  50     0	
620 EB-11  51     0	
620 EB-11  52     0	
620 EB-11  53     0	
620 EB-11  54     0	
620 EB-11  55     0	
620 EB-11  56     0	
620 EB-11  57     0	
620 EB-11  58     0	
620 EB-11  59     0	
620 EB-11  60     0	
620 EB-11  61     0	
620 EB-11  62     0	
620 EB-11  63     0	
620 EB-11  64     0	
620 EB-11  65     0	
620 EB-11  66     0	
620 EB-11  67     0	
620 EB-11  68     0	
621 EB-12   1     0	
621 EB-12   2     0	
621 EB-12   3     0	
621 EB-12   4     0	
621 EB-12   5     0	
621 EB-12   6     0	
621 EB-12   7     0	
621 EB-12   8     0	
621 EB-12   9     0	
621 EB-12  10     0	
621 EB-12  11     0	
621 EB-12  12     0	
621 EB-12  13     0	
621 EB-12  14     0	
621 EB-12  15     0	
621 EB-12  16     0	
621 EB-12  17     0	
621 EB-12  18     5	
621 EB-12  19     0	
621 EB-12  20     0	
621 EB-12  21     0	
621 EB-12  22     0	
621 EB-12  23     0	
621 EB-12  24     0	
621 EB-12  25     0	
621 EB-12  26     0	
621 EB-12  27     0	
621 EB-12  28     0	
621 EB-12  29     0	
621 EB-12  30     0	
621 EB-12  31     0	
621 EB-12  32     0	
621 EB-12  33     0	
621 EB-12  34     0	
621 EB-12  35     0	
621 EB-12  36     0	
621 EB-12  37     0	
621 EB-12  38     0	
621 EB-12  39     0	
621 EB-12  40     0	
621 EB-12  41     0	
621 EB-12  42     0	
621 EB-12  43     0	
621 EB-12  44     0	
621 EB-12  45     0	
621 EB-12  46     0	
621 EB-12  47     0	
621 EB-12  48     0	
621 EB-12  49     0	
621 EB-12  50     0	
621 EB-12  51     0	
621 EB-12  52     0	
621 EB-12  53     0	
621 EB-12  54     0	
621 EB-12  55     0	
621 EB-12  56     0	
621 EB-12  57     0	
621 EB-12  58     0	
621 EB-12  59     0	
621 EB-12  60     0	
621 EB-12  61     0	
621 EB-12  62     0	
621 EB-12  63     0	
621 EB-12  64     0	
621 EB-12  65     0	
621 EB-12  66     0	
621 EB-12  67     0	
621 EB-12  68     0	
622 EB-13   1     0	
622 EB-13   2     0	
622 EB-13   3     0	
622 EB-13   4     0	
622 EB-13   5     0	
622 EB-13   6     0	
622 EB-13   7     0	
622 EB-13   8     0	
622 EB-13   9     0	
622 EB-13  10     0	
622 EB-13  11     0	
622 EB-13  12     0	
622 EB-13  13     0	
622 EB-13  14     0	
622 EB-13  15     0	
622 EB-13  16     0	
622 EB-13  17     0	
622 EB-13  18     0	
622 EB-13  19     0	
622 EB-13  20     0	
622 EB-13  21     0	
622 EB-13  22     0	
622 EB-13  23     0	
622 EB-13  24     0	
622 EB-13  25     0	
622 EB-13  26     0	
622 EB-13  27     0	
622 EB-13  28     0	
622 EB-13  29     0	
622 EB-13  30     0	
622 EB-13  31     0	
622 EB-13  32     0	
622 EB-13  33     0	
622 EB-13  34     0	
622 EB-13  35     0	
622 EB-13  36     0	
622 EB-13  37     0	
622 EB-13  38     0	
622 EB-13  39     0	
622 EB-13  40     0	
622 EB-13  41     0	
622 EB-13  42     0	
622 EB-13  43     0	
622 EB-13  44     0	
622 EB-13  45     0	
622 EB-13  46     0	
622 EB-13  47     0	
622 EB-13  48     0	
622 EB-13  49     0	
622 EB-13  50     0	
622 EB-13  51     0	
622 EB-13  52     0	
622 EB-13  53     0	
622 EB-13  54     0	
622 EB-13  55     0	
622 EB-13  56     0	
622 EB-13  57     0	
622 EB-13  58     0	
622 EB-13  59     0	
622 EB-13  60     0	
622 EB-13  61     0	
622 EB-13  62     0	
622 EB-13  63     0	
622 EB-13  64     0	
622 EB-13  65     0	
622 EB-13  66     0	
622 EB-13  67     0	
622 EB-13  68     0	
623 EB-14   1     0	
623 EB-14   2     0	
623 EB-14   3     0	
623 EB-14   4     0	
623 EB-14   5     0	
623 EB-14   6     0	
623 EB-14   7     0	
623 EB-14   8     0	
623 EB-14   9     0	
623 EB-14  10     0	
623 EB-14  11     0	
623 EB-14  12     0	
623 EB-14  13     0	
623 EB-14  14     0	
623 EB-14  15     0	
623 EB-14  16     0	
623 EB-14  17     0	
623 EB-14  18     0	
623 EB-14  19     0	
623 EB-14  20     0	
623 EB-14  21     0	
623 EB-14  22     0	
623 EB-14  23     0	
623 EB-14  24     0	
623 EB-14  25     0	
623 EB-14  26     0	
623 EB-14  27     0	
623 EB-14  28     0	
623 EB-14  29     0	
623 EB-14  30     0	
623 EB-14  31     0	
623 EB-14  32     0	
623 EB-14  33     0	
623 EB-14  34     0	
623 EB-14  35     0	
623 EB-14  36     0	
623 EB-14  37     0	
623 EB-14  38     0	
623 EB-14  39     0	
623 EB-14  40     0	
623 EB-14  41     0	
623 EB-14  42     0	
623 EB-14  43     0	
623 EB-14  44     0	
623 EB-14  45     0	
623 EB-14  46     0	
623 EB-14  47     0	
623 EB-14  48     0	
623 EB-14  49     0	
623 EB-14  50     0	
623 EB-14  51     0	
623 EB-14  52     0	
623 EB-14  53     0	
623 EB-14  54     0	
623 EB-14  55     0	
623 EB-14  56     0	
623 EB-14  57     0	
623 EB-14  58     0	
623 EB-14  59     0	
623 EB-14  60     0	
623 EB-14  61     0	
623 EB-14  62     0	
623 EB-14  63     0	
623 EB-14  64     0	
623 EB-14  65     0	
623 EB-14  66     0	
623 EB-14  67     0	
623 EB-14  68     0	
624 EB-15   1     0	
624 EB-15   2     0	
624 EB-15   3     0	
624 EB-15   4     0	
624 EB-15   5     0	
624 EB-15   6     0	
624 EB-15   7     0	
624 EB-15   8     0	
624 EB-15   9     0	
624 EB-15  10     0	
624 EB-15  11     0	
624 EB-15  12     0	
624 EB-15  13     0	
624 EB-15  14     0	
624 EB-15  15     0	
624 EB-15  16     0	
624 EB-15  17     0	
624 EB-15  18     0	
624 EB-15  19     0	
624 EB-15  20     0	
624 EB-15  21     0	
624 EB-15  22     0	
624 EB-15  23     0	
624 EB-15  24     0	
624 EB-15  25     0	
624 EB-15  26     0	
624 EB-15  27     0	
624 EB-15  28     0	
624 EB-15  29     0	
624 EB-15  30     0	
624 EB-15  31     0	
624 EB-15  32     0	
624 EB-15  33     0	
624 EB-15  34     0	
624 EB-15  35     0	
624 EB-15  36     0	
624 EB-15  37     0	
624 EB-15  38     0	
624 EB-15  39     0	
624 EB-15  40     0	
624 EB-15  41     0	
624 EB-15  42     0	
624 EB-15  43     0	
624 EB-15  44     0	
624 EB-15  45     0	
624 EB-15  46     0	
624 EB-15  47     0	
624 EB-15  48     0	
624 EB-15  49     0	
624 EB-15  50     0	
624 EB-15  51     0	
624 EB-15  52     0	
624 EB-15  53     0	
624 EB-15  54     0	
624 EB-15  55     0	
624 EB-15  56     0	
624 EB-15  57     0	
624 EB-15  58     0	
624 EB-15  59     0	
624 EB-15  60     0	
624 EB-15  61     0	
624 EB-15  62     0	
624 EB-15  63     0	
624 EB-15  64     0	
624 EB-15  65     0	
624 EB-15  66     0	
624 EB-15  67     0	
624 EB-15  68     0	
625 EB-16   1     0	
625 EB-16   2     0	
625 EB-16   3     0	
625 EB-16   4     0	
625 EB-16   5     0	
625 EB-16   6     0	
625 EB-16   7     0	
625 EB-16   8     0	
625 EB-16   9     0	
625 EB-16  10     0	
625 EB-16  11     0	
625 EB-16  12     0	
625 EB-16  13     0	
625 EB-16  14     0	
625 EB-16  15     0	
625 EB-16  16     0	
625 EB-16  17     0	
625 EB-16  18     0	
625 EB-16  19     0	
625 EB-16  20     0	
625 EB-16  21     0	
625 EB-16  22     0	
625 EB-16  23     0	
625 EB-16  24     0	
625 EB-16  25     0	
625 EB-16  26     0	
625 EB-16  27     0	
625 EB-16  28     0	
625 EB-16  29     0	
625 EB-16  30     0	
625 EB-16  31     0	
625 EB-16  32     0	
625 EB-16  33     0	
625 EB-16  34     0	
625 EB-16  35     0	
625 EB-16  36     0	
625 EB-16  37     0	
625 EB-16  38     0	
625 EB-16  39     0	
625 EB-16  40     0	
625 EB-16  41     0	
625 EB-16  42     0	
625 EB-16  43     0	
625 EB-16  44     0	
625 EB-16  45     0	
625 EB-16  46     0	
625 EB-16  47     0	
625 EB-16  48     0	
625 EB-16  49     0	
625 EB-16  50     0	
625 EB-16  51     0	
625 EB-16  52     0	
625 EB-16  53     0	
625 EB-16  54     0	
625 EB-16  55     0	
625 EB-16  56     0	
625 EB-16  57     0	
625 EB-16  58     0	
625 EB-16  59     0	
625 EB-16  60     0	
625 EB-16  61     0	
625 EB-16  62     0	
625 EB-16  63     0	
625 EB-16  64     0	
625 EB-16  65     0	
625 EB-16  66     0	
625 EB-16  67     0	
625 EB-16  68     0	
626 EB-17   1     0	
626 EB-17   2     0	
626 EB-17   3     0	
626 EB-17   4     0	
626 EB-17   5     0	
626 EB-17   6     0	
626 EB-17   7     0	
626 EB-17   8     0	
626 EB-17   9     0	
626 EB-17  10     0	
626 EB-17  11     0	
626 EB-17  12     0	
626 EB-17  13     0	
626 EB-17  14     0	
626 EB-17  15     0	
626 EB-17  16     0	
626 EB-17  17     0	
626 EB-17  18     0	
626 EB-17  19     0	
626 EB-17  20     0	
626 EB-17  21     0	
626 EB-17  22     0	
626 EB-17  23     0	
626 EB-17  24     0	
626 EB-17  25     0	
626 EB-17  26     0	
626 EB-17  27     0	
626 EB-17  28     0	
626 EB-17  29     0	
626 EB-17  30     0	
626 EB-17  31     0	
626 EB-17  32     0	
626 EB-17  33     0	
626 EB-17  34     0	
626 EB-17  35     0	
626 EB-17  36     0	
626 EB-17  37     0	
626 EB-17  38     0	
626 EB-17  39     0	
626 EB-17  40     0	
626 EB-17  41     0	
626 EB-17  42     0	
626 EB-17  43     0	
626 EB-17  44     0	
626 EB-17  45     0	
626 EB-17  46     0	
626 EB-17  47     0	
626 EB-17  48     0	
626 EB-17  49     0	
626 EB-17  50     0	
626 EB-17  51     0	
626 EB-17  52     0	
626 EB-17  53     0	
626 EB-17  54     0	
626 EB-17  55     0	
626 EB-17  56     0	
626 EB-17  57     0	
626 EB-17  58     0	
626 EB-17  59     0	
626 EB-17  60     0	
626 EB-17  61     0	
626 EB-17  62     0	
626 EB-17  63     0	
626 EB-17  64     0	
626 EB-17  65     0	
626 EB-17  66     0	
626 EB-17  67     0	
626 EB-17  68     0	
627 EB-18   1     0	
627 EB-18   2     0	
627 EB-18   3     0	
627 EB-18   4     0	
627 EB-18   5     0	
627 EB-18   6     0	
627 EB-18   7     0	
627 EB-18   8     0	
627 EB-18   9     0	
627 EB-18  10     0	
627 EB-18  11     0	
627 EB-18  12     0	
627 EB-18  13     0	
627 EB-18  14     0	
627 EB-18  15     0	
627 EB-18  16     0	
627 EB-18  17     0	
627 EB-18  18     0	
627 EB-18  19     0	
627 EB-18  20     0	
627 EB-18  21     0	
627 EB-18  22     0	
627 EB-18  23     0	
627 EB-18  24     0	
627 EB-18  25     0	
627 EB-18  26     0	
627 EB-18  27     0	
627 EB-18  28     0	
627 EB-18  29     0	
627 EB-18  30     0	
627 EB-18  31     0	
627 EB-18  32     0	
627 EB-18  33     0	
627 EB-18  34     0	
627 EB-18  35     0	
627 EB-18  36     0	
627 EB-18  37     0	
627 EB-18  38     0	
627 EB-18  39     0	
627 EB-18  40     0	
627 EB-18  41     0	
627 EB-18  42     0	
627 EB-18  43     0	
627 EB-18  44     0	
627 EB-18  45     0	
627 EB-18  46     0	
627 EB-18  47     0	
627 EB-18  48     0	
627 EB-18  49     0	
627 EB-18  50     0	
627 EB-18  51     0	
627 EB-18  52     0	
627 EB-18  53     0	
627 EB-18  54     0	
627 EB-18  55     0	
627 EB-18  56     0	
627 EB-18  57     0	
627 EB-18  58     0	
627 EB-18  59     0	
627 EB-18  60     0	
627 EB-18  61     0	
627 EB-18  62     0	
627 EB-18  63     0	
627 EB-18  64     0	
627 EB-18  65     0	
627 EB-18  66     0	
627 EB-18  67     0	
627 EB-18  68     0	
628 EB+01   1     0	
628 EB+01   2     0	
628 EB+01   3     0	
628 EB+01   4     0	
628 EB+01   5     3	
628 EB+01   6     0	
628 EB+01   7     0	
628 EB+01   8     0	
628 EB+01   9     0	
628 EB+01  10     0	
628 EB+01  11     0	
628 EB+01  12     0	
628 EB+01  13     0	
628 EB+01  14     0	
628 EB+01  15     0	
628 EB+01  16     0	
628 EB+01  17     0	
628 EB+01  18     0	
628 EB+01  19     0	
628 EB+01  20     0	
628 EB+01  21     0	
628 EB+01  22     0	
628 EB+01  23     0	
628 EB+01  24     0	
628 EB+01  25     0	
628 EB+01  26     0	
628 EB+01  27     0	
628 EB+01  28     0	
628 EB+01  29     0	
628 EB+01  30     0	
628 EB+01  31     0	
628 EB+01  32     0	
628 EB+01  33     0	
628 EB+01  34     0	
628 EB+01  35     0	
628 EB+01  36     0	
628 EB+01  37     0	
628 EB+01  38     0	
628 EB+01  39     0	
628 EB+01  40     0	
628 EB+01  41     0	
628 EB+01  42    -2	
628 EB+01  43    -2	
628 EB+01  44     0	
628 EB+01  45     0	
628 EB+01  46     0	
628 EB+01  47     0	
628 EB+01  48     0	
628 EB+01  49     0	
628 EB+01  50     0	
628 EB+01  51     0	
628 EB+01  52     0	
628 EB+01  53     0	
628 EB+01  54     0	
628 EB+01  55     0	
628 EB+01  56     0	
628 EB+01  57     0	
628 EB+01  58     0	
628 EB+01  59     0	
628 EB+01  60     0	
628 EB+01  61     0	
628 EB+01  62     0	
628 EB+01  63     0	
628 EB+01  64     0	
628 EB+01  65     0	
628 EB+01  66     0	
628 EB+01  67     0	
628 EB+01  68     0	
629 EB+02   1     0	
629 EB+02   2     0	
629 EB+02   3     0	
629 EB+02   4     0	
629 EB+02   5     0	
629 EB+02   6     0	
629 EB+02   7     0	
629 EB+02   8     0	
629 EB+02   9     0	
629 EB+02  10     0	
629 EB+02  11     0	
629 EB+02  12     0	
629 EB+02  13     0	
629 EB+02  14     0	
629 EB+02  15     0	
629 EB+02  16     0	
629 EB+02  17     0	
629 EB+02  18     0	
629 EB+02  19     0	
629 EB+02  20     0	
629 EB+02  21     0	
629 EB+02  22     0	
629 EB+02  23     0	
629 EB+02  24     0	
629 EB+02  25     0	
629 EB+02  26     0	
629 EB+02  27     0	
629 EB+02  28     0	
629 EB+02  29     0	
629 EB+02  30     0	
629 EB+02  31     0	
629 EB+02  32     0	
629 EB+02  33     0	
629 EB+02  34     0	
629 EB+02  35     0	
629 EB+02  36     0	
629 EB+02  37     0	
629 EB+02  38     0	
629 EB+02  39     0	
629 EB+02  40     0	
629 EB+02  41     0	
629 EB+02  42     0	
629 EB+02  43     0	
629 EB+02  44     0	
629 EB+02  45     0	
629 EB+02  46     0	
629 EB+02  47     0	
629 EB+02  48     0	
629 EB+02  49     0	
629 EB+02  50     0	
629 EB+02  51     0	
629 EB+02  52     0	
629 EB+02  53     0	
629 EB+02  54     0	
629 EB+02  55     0	
629 EB+02  56     0	
629 EB+02  57     0	
629 EB+02  58     0	
629 EB+02  59     0	
629 EB+02  60     0	
629 EB+02  61     0	
629 EB+02  62     0	
629 EB+02  63     0	
629 EB+02  64     0	
629 EB+02  65     0	
629 EB+02  66     0	
629 EB+02  67     0	
629 EB+02  68     0	
630 EB+03   1     0	
630 EB+03   2     0	
630 EB+03   3     0	
630 EB+03   4     0	
630 EB+03   5     0	
630 EB+03   6     0	
630 EB+03   7     0	
630 EB+03   8     0	
630 EB+03   9     0	
630 EB+03  10     0	
630 EB+03  11     0	
630 EB+03  12     0	
630 EB+03  13     0	
630 EB+03  14     0	
630 EB+03  15     0	
630 EB+03  16     0	
630 EB+03  17     0	
630 EB+03  18     0	
630 EB+03  19     0	
630 EB+03  20     0	
630 EB+03  21     0	
630 EB+03  22     0	
630 EB+03  23     0	
630 EB+03  24     0	
630 EB+03  25     0	
630 EB+03  26     0	
630 EB+03  27     0	
630 EB+03  28     0	
630 EB+03  29     0	
630 EB+03  30     0	
630 EB+03  31     0	
630 EB+03  32     0	
630 EB+03  33     0	
630 EB+03  34     0	
630 EB+03  35     0	
630 EB+03  36     0	
630 EB+03  37     0	
630 EB+03  38     0	
630 EB+03  39     0	
630 EB+03  40     0	
630 EB+03  41     0	
630 EB+03  42     0	
630 EB+03  43     0	
630 EB+03  44     0	
630 EB+03  45     0	
630 EB+03  46     0	
630 EB+03  47     0	
630 EB+03  48     0	
630 EB+03  49     0	
630 EB+03  50     0	
630 EB+03  51     0	
630 EB+03  52     0	
630 EB+03  53     0	
630 EB+03  54     0	
630 EB+03  55     0	
630 EB+03  56     0	
630 EB+03  57     0	
630 EB+03  58     0	
630 EB+03  59     0	
630 EB+03  60     0	
630 EB+03  61     0	
630 EB+03  62     0	
630 EB+03  63     0	
630 EB+03  64     0	
630 EB+03  65     0	
630 EB+03  66     0	
630 EB+03  67     0	
630 EB+03  68     0	
631 EB+04   1     0	
631 EB+04   2     0	
631 EB+04   3     0	
631 EB+04   4     0	
631 EB+04   5     0	
631 EB+04   6     0	
631 EB+04   7     0	
631 EB+04   8     0	
631 EB+04   9     0	
631 EB+04  10     0	
631 EB+04  11     0	
631 EB+04  12     0	
631 EB+04  13     0	
631 EB+04  14     0	
631 EB+04  15     0	
631 EB+04  16     0	
631 EB+04  17     0	
631 EB+04  18     0	
631 EB+04  19     0	
631 EB+04  20     0	
631 EB+04  21     0	
631 EB+04  22     0	
631 EB+04  23     0	
631 EB+04  24     0	
631 EB+04  25     0	
631 EB+04  26     0	
631 EB+04  27     0	
631 EB+04  28     0	
631 EB+04  29     0	
631 EB+04  30     0	
631 EB+04  31     0	
631 EB+04  32     0	
631 EB+04  33     0	
631 EB+04  34     0	
631 EB+04  35     0	
631 EB+04  36     0	
631 EB+04  37     0	
631 EB+04  38     0	
631 EB+04  39     0	
631 EB+04  40     0	
631 EB+04  41     0	
631 EB+04  42     0	
631 EB+04  43     0	
631 EB+04  44     0	
631 EB+04  45     0	
631 EB+04  46     0	
631 EB+04  47     0	
631 EB+04  48     0	
631 EB+04  49     0	
631 EB+04  50     0	
631 EB+04  51     0	
631 EB+04  52     0	
631 EB+04  53     0	
631 EB+04  54     0	
631 EB+04  55     0	
631 EB+04  56     0	
631 EB+04  57     0	
631 EB+04  58     0	
631 EB+04  59     0	
631 EB+04  60     0	
631 EB+04  61     0	
631 EB+04  62     0	
631 EB+04  63     0	
631 EB+04  64     0	
631 EB+04  65     0	
631 EB+04  66     0	
631 EB+04  67     0	
631 EB+04  68     0	
632 EB+05   1     0	
632 EB+05   2     0	
632 EB+05   3     0	
632 EB+05   4     0	
632 EB+05   5     0	
632 EB+05   6     0	
632 EB+05   7     0	
632 EB+05   8     0	
632 EB+05   9     0	
632 EB+05  10     0	
632 EB+05  11     0	
632 EB+05  12     0	
632 EB+05  13     0	
632 EB+05  14     0	
632 EB+05  15     0	
632 EB+05  16     0	
632 EB+05  17     0	
632 EB+05  18     0	
632 EB+05  19     0	
632 EB+05  20     0	
632 EB+05  21     0	
632 EB+05  22     0	
632 EB+05  23     0	
632 EB+05  24     0	
632 EB+05  25     0	
632 EB+05  26     0	
632 EB+05  27     0	
632 EB+05  28     0	
632 EB+05  29     0	
632 EB+05  30     0	
632 EB+05  31     0	
632 EB+05  32     0	
632 EB+05  33     0	
632 EB+05  34     0	
632 EB+05  35     0	
632 EB+05  36     0	
632 EB+05  37     0	
632 EB+05  38     0	
632 EB+05  39     0	
632 EB+05  40     0	
632 EB+05  41     0	
632 EB+05  42     0	
632 EB+05  43     0	
632 EB+05  44     0	
632 EB+05  45     0	
632 EB+05  46     0	
632 EB+05  47     0	
632 EB+05  48     0	
632 EB+05  49     0	
632 EB+05  50     0	
632 EB+05  51     0	
632 EB+05  52     0	
632 EB+05  53     0	
632 EB+05  54     0	
632 EB+05  55     0	
632 EB+05  56     0	
632 EB+05  57     0	
632 EB+05  58     0	
632 EB+05  59     0	
632 EB+05  60     0	
632 EB+05  61     0	
632 EB+05  62     0	
632 EB+05  63     0	
632 EB+05  64     0	
632 EB+05  65     0	
632 EB+05  66     0	
632 EB+05  67     0	
632 EB+05  68     0	
633 EB+06   1     0	
633 EB+06   2     0	
633 EB+06   3     0	
633 EB+06   4     0	
633 EB+06   5     0	
633 EB+06   6     0	
633 EB+06   7     0	
633 EB+06   8     0	
633 EB+06   9     0	
633 EB+06  10     0	
633 EB+06  11     0	
633 EB+06  12     0	
633 EB+06  13     0	
633 EB+06  14     0	
633 EB+06  15     0	
633 EB+06  16     0	
633 EB+06  17     0	
633 EB+06  18     0	
633 EB+06  19     0	
633 EB+06  20     0	
633 EB+06  21     0	
633 EB+06  22     0	
633 EB+06  23     0	
633 EB+06  24     0	
633 EB+06  25     0	
633 EB+06  26     0	
633 EB+06  27     0	
633 EB+06  28     0	
633 EB+06  29     0	
633 EB+06  30     0	
633 EB+06  31     0	
633 EB+06  32     0	
633 EB+06  33     0	
633 EB+06  34     0	
633 EB+06  35     0	
633 EB+06  36     0	
633 EB+06  37     0	
633 EB+06  38     0	
633 EB+06  39     0	
633 EB+06  40     0	
633 EB+06  41     0	
633 EB+06  42     0	
633 EB+06  43     0	
633 EB+06  44     0	
633 EB+06  45     0	
633 EB+06  46     0	
633 EB+06  47     0	
633 EB+06  48     0	
633 EB+06  49     0	
633 EB+06  50     0	
633 EB+06  51     0	
633 EB+06  52     0	
633 EB+06  53     0	
633 EB+06  54     0	
633 EB+06  55     0	
633 EB+06  56     0	
633 EB+06  57     0	
633 EB+06  58     0	
633 EB+06  59     0	
633 EB+06  60     0	
633 EB+06  61     0	
633 EB+06  62     0	
633 EB+06  63     0	
633 EB+06  64     0	
633 EB+06  65     0	
633 EB+06  66     0	
633 EB+06  67     0	
633 EB+06  68     0	
634 EB+07   1     0	
634 EB+07   2     0	
634 EB+07   3     0	
634 EB+07   4     0	
634 EB+07   5     0	
634 EB+07   6     0	
634 EB+07   7     0	
634 EB+07   8     0	
634 EB+07   9    -2	
634 EB+07  10    -2	
634 EB+07  11     0	
634 EB+07  12     0	
634 EB+07  13     0	
634 EB+07  14     0	
634 EB+07  15     0	
634 EB+07  16     0	
634 EB+07  17     0	
634 EB+07  18     0	
634 EB+07  19     0	
634 EB+07  20     0	
634 EB+07  21     0	
634 EB+07  22     0	
634 EB+07  23     0	
634 EB+07  24     0	
634 EB+07  25     0	
634 EB+07  26     0	
634 EB+07  27     0	
634 EB+07  28     0	
634 EB+07  29     0	
634 EB+07  30     0	
634 EB+07  31     0	
634 EB+07  32     0	
634 EB+07  33     0	
634 EB+07  34     0	
634 EB+07  35     0	
634 EB+07  36     0	
634 EB+07  37     0	
634 EB+07  38     0	
634 EB+07  39     0	
634 EB+07  40     0	
634 EB+07  41     0	
634 EB+07  42     0	
634 EB+07  43     0	
634 EB+07  44     0	
634 EB+07  45     0	
634 EB+07  46     0	
634 EB+07  47     0	
634 EB+07  48     0	
634 EB+07  49     0	
634 EB+07  50     0	
634 EB+07  51     0	
634 EB+07  52     0	
634 EB+07  53     0	
634 EB+07  54     0	
634 EB+07  55     0	
634 EB+07  56     0	
634 EB+07  57     0	
634 EB+07  58     0	
634 EB+07  59     0	
634 EB+07  60     0	
634 EB+07  61     0	
634 EB+07  62     0	
634 EB+07  63     0	
634 EB+07  64     0	
634 EB+07  65     0	
634 EB+07  66     0	
634 EB+07  67     0	
634 EB+07  68     0	
635 EB+08   1     0	
635 EB+08   2     0	
635 EB+08   3     0	
635 EB+08   4     0	
635 EB+08   5     0	
635 EB+08   6     0	
635 EB+08   7     0	
635 EB+08   8     0	
635 EB+08   9     0	
635 EB+08  10     0	
635 EB+08  11     0	
635 EB+08  12     0	
635 EB+08  13     0	
635 EB+08  14     0	
635 EB+08  15     0	
635 EB+08  16     0	
635 EB+08  17     0	
635 EB+08  18     0	
635 EB+08  19     0	
635 EB+08  20     0	
635 EB+08  21     0	
635 EB+08  22     0	
635 EB+08  23     0	
635 EB+08  24     0	
635 EB+08  25     0	
635 EB+08  26     0	
635 EB+08  27     0	
635 EB+08  28     0	
635 EB+08  29     0	
635 EB+08  30     0	
635 EB+08  31     0	
635 EB+08  32     0	
635 EB+08  33     0	
635 EB+08  34     0	
635 EB+08  35     0	
635 EB+08  36     0	
635 EB+08  37     0	
635 EB+08  38     0	
635 EB+08  39     0	
635 EB+08  40     0	
635 EB+08  41     0	
635 EB+08  42     0	
635 EB+08  43     0	
635 EB+08  44     0	
635 EB+08  45     0	
635 EB+08  46     0	
635 EB+08  47     0	
635 EB+08  48     0	
635 EB+08  49     0	
635 EB+08  50     0	
635 EB+08  51     0	
635 EB+08  52     0	
635 EB+08  53     0	
635 EB+08  54     0	
635 EB+08  55     0	
635 EB+08  56     0	
635 EB+08  57     0	
635 EB+08  58     0	
635 EB+08  59     0	
635 EB+08  60     0	
635 EB+08  61     0	
635 EB+08  62     0	
635 EB+08  63     0	
635 EB+08  64     0	
635 EB+08  65     0	
635 EB+08  66     0	
635 EB+08  67     0	
635 EB+08  68     0	
636 EB+09   1     0	
636 EB+09   2     0	
636 EB+09   3     0	
636 EB+09   4     0	
636 EB+09   5     0	
636 EB+09   6     0	
636 EB+09   7     0	
636 EB+09   8     0	
636 EB+09   9     0	
636 EB+09  10     0	
636 EB+09  11     0	
636 EB+09  12     0	
636 EB+09  13     0	
636 EB+09  14     0	
636 EB+09  15     0	
636 EB+09  16     0	
636 EB+09  17     0	
636 EB+09  18     0	
636 EB+09  19     0	
636 EB+09  20     0	
636 EB+09  21     0	
636 EB+09  22     0	
636 EB+09  23     0	
636 EB+09  24     0	
636 EB+09  25     0	
636 EB+09  26     0	
636 EB+09  27     0	
636 EB+09  28     0	
636 EB+09  29     0	
636 EB+09  30     0	
636 EB+09  31     0	
636 EB+09  32     0	
636 EB+09  33     0	
636 EB+09  34     0	
636 EB+09  35     0	
636 EB+09  36     0	
636 EB+09  37     0	
636 EB+09  38     0	
636 EB+09  39     0	
636 EB+09  40     0	
636 EB+09  41     0	
636 EB+09  42     0	
636 EB+09  43     0	
636 EB+09  44     0	
636 EB+09  45     0	
636 EB+09  46     0	
636 EB+09  47     0	
636 EB+09  48     0	
636 EB+09  49     0	
636 EB+09  50     0	
636 EB+09  51     0	
636 EB+09  52     0	
636 EB+09  53     0	
636 EB+09  54     0	
636 EB+09  55     0	
636 EB+09  56     0	
636 EB+09  57     0	
636 EB+09  58     0	
636 EB+09  59     0	
636 EB+09  60     0	
636 EB+09  61     0	
636 EB+09  62     0	
636 EB+09  63     0	
636 EB+09  64     0	
636 EB+09  65     3	
636 EB+09  66     0	
636 EB+09  67     0	
636 EB+09  68     0	
637 EB+10   1     0	
637 EB+10   2     0	
637 EB+10   3     0	
637 EB+10   4     0	
637 EB+10   5     0	
637 EB+10   6     0	
637 EB+10   7     0	
637 EB+10   8     0	
637 EB+10   9     0	
637 EB+10  10     0	
637 EB+10  11     0	
637 EB+10  12     0	
637 EB+10  13     0	
637 EB+10  14     0	
637 EB+10  15     0	
637 EB+10  16     0	
637 EB+10  17     0	
637 EB+10  18     0	
637 EB+10  19     0	
637 EB+10  20     0	
637 EB+10  21     0	
637 EB+10  22     0	
637 EB+10  23     0	
637 EB+10  24     0	
637 EB+10  25     0	
637 EB+10  26     0	
637 EB+10  27     0	
637 EB+10  28     0	
637 EB+10  29     0	
637 EB+10  30     0	
637 EB+10  31     0	
637 EB+10  32     0	
637 EB+10  33     0	
637 EB+10  34     0	
637 EB+10  35     0	
637 EB+10  36     0	
637 EB+10  37     0	
637 EB+10  38     0	
637 EB+10  39     0	
637 EB+10  40     0	
637 EB+10  41     0	
637 EB+10  42     0	
637 EB+10  43     0	
637 EB+10  44     0	
637 EB+10  45     0	
637 EB+10  46     0	
637 EB+10  47     0	
637 EB+10  48     0	
637 EB+10  49     0	
637 EB+10  50     0	
637 EB+10  51     0	
637 EB+10  52     0	
637 EB+10  53     0	
637 EB+10  54     0	
637 EB+10  55     0	
637 EB+10  56     0	
637 EB+10  57     0	
637 EB+10  58     0	
637 EB+10  59     0	
637 EB+10  60     0	
637 EB+10  61     0	
637 EB+10  62     0	
637 EB+10  63     0	
637 EB+10  64     0	
637 EB+10  65     0	
637 EB+10  66     0	
637 EB+10  67     0	
637 EB+10  68     0	
638 EB+11   1     0	
638 EB+11   2     0	
638 EB+11   3     0	
638 EB+11   4     0	
638 EB+11   5     0	
638 EB+11   6     0	
638 EB+11   7     0	
638 EB+11   8     0	
638 EB+11   9     0	
638 EB+11  10     0	
638 EB+11  11     0	
638 EB+11  12     0	
638 EB+11  13     0	
638 EB+11  14     0	
638 EB+11  15     0	
638 EB+11  16     0	
638 EB+11  17     0	
638 EB+11  18     2	
638 EB+11  19     0	
638 EB+11  20     0	
638 EB+11  21     0	
638 EB+11  22     0	
638 EB+11  23     0	
638 EB+11  24     0	
638 EB+11  25     0	
638 EB+11  26     0	
638 EB+11  27     0	
638 EB+11  28     0	
638 EB+11  29     0	
638 EB+11  30     0	
638 EB+11  31     0	
638 EB+11  32     0	
638 EB+11  33     0	
638 EB+11  34     0	
638 EB+11  35     0	
638 EB+11  36     0	
638 EB+11  37     0	
638 EB+11  38     0	
638 EB+11  39     0	
638 EB+11  40     0	
638 EB+11  41     0	
638 EB+11  42     0	
638 EB+11  43     0	
638 EB+11  44     0	
638 EB+11  45     0	
638 EB+11  46     0	
638 EB+11  47     0	
638 EB+11  48     0	
638 EB+11  49     0	
638 EB+11  50     0	
638 EB+11  51     0	
638 EB+11  52     0	
638 EB+11  53     0	
638 EB+11  54     0	
638 EB+11  55     0	
638 EB+11  56     0	
638 EB+11  57     0	
638 EB+11  58     0	
638 EB+11  59     0	
638 EB+11  60     0	
638 EB+11  61     0	
638 EB+11  62     0	
638 EB+11  63     0	
638 EB+11  64     0	
638 EB+11  65     0	
638 EB+11  66     0	
638 EB+11  67     0	
638 EB+11  68     0	
639 EB+12   1     0	
639 EB+12   2     0	
639 EB+12   3     0	
639 EB+12   4     0	
639 EB+12   5     0	
639 EB+12   6     0	
639 EB+12   7     0	
639 EB+12   8     0	
639 EB+12   9     0	
639 EB+12  10     0	
639 EB+12  11     0	
639 EB+12  12     0	
639 EB+12  13     0	
639 EB+12  14     0	
639 EB+12  15     0	
639 EB+12  16     0	
639 EB+12  17     0	
639 EB+12  18     0	
639 EB+12  19     0	
639 EB+12  20     0	
639 EB+12  21     0	
639 EB+12  22     0	
639 EB+12  23     0	
639 EB+12  24     0	
639 EB+12  25     0	
639 EB+12  26     0	
639 EB+12  27     0	
639 EB+12  28     0	
639 EB+12  29     0	
639 EB+12  30     0	
639 EB+12  31     0	
639 EB+12  32     0	
639 EB+12  33     0	
639 EB+12  34     0	
639 EB+12  35     0	
639 EB+12  36     0	
639 EB+12  37     0	
639 EB+12  38     0	
639 EB+12  39     0	
639 EB+12  40     0	
639 EB+12  41     0	
639 EB+12  42     0	
639 EB+12  43     0	
639 EB+12  44     0	
639 EB+12  45     0	
639 EB+12  46     0	
639 EB+12  47     0	
639 EB+12  48     0	
639 EB+12  49     0	
639 EB+12  50     0	
639 EB+12  51     0	
639 EB+12  52     0	
639 EB+12  53     0	
639 EB+12  54     0	
639 EB+12  55     0	
639 EB+12  56     0	
639 EB+12  57     0	
639 EB+12  58     0	
639 EB+12  59     0	
639 EB+12  60     0	
639 EB+12  61     0	
639 EB+12  62     0	
639 EB+12  63     0	
639 EB+12  64     0	
639 EB+12  65     0	
639 EB+12  66     0	
639 EB+12  67     0	
639 EB+12  68     0	
640 EB+13   1     0	
640 EB+13   2     0	
640 EB+13   3     0	
640 EB+13   4     0	
640 EB+13   5     0	
640 EB+13   6     0	
640 EB+13   7     0	
640 EB+13   8     0	
640 EB+13   9     0	
640 EB+13  10     0	
640 EB+13  11     0	
640 EB+13  12     0	
640 EB+13  13     0	
640 EB+13  14     0	
640 EB+13  15     0	
640 EB+13  16     0	
640 EB+13  17     0	
640 EB+13  18     0	
640 EB+13  19     0	
640 EB+13  20     0	
640 EB+13  21     0	
640 EB+13  22     0	
640 EB+13  23     0	
640 EB+13  24     0	
640 EB+13  25     0	
640 EB+13  26     0	
640 EB+13  27     0	
640 EB+13  28     0	
640 EB+13  29     0	
640 EB+13  30     0	
640 EB+13  31     0	
640 EB+13  32     0	
640 EB+13  33     0	
640 EB+13  34     0	
640 EB+13  35     0	
640 EB+13  36     0	
640 EB+13  37     0	
640 EB+13  38     0	
640 EB+13  39     0	
640 EB+13  40     0	
640 EB+13  41     0	
640 EB+13  42     0	
640 EB+13  43     0	
640 EB+13  44     0	
640 EB+13  45     0	
640 EB+13  46     0	
640 EB+13  47     0	
640 EB+13  48     0	
640 EB+13  49     0	
640 EB+13  50     0	
640 EB+13  51     0	
640 EB+13  52     0	
640 EB+13  53     0	
640 EB+13  54     0	
640 EB+13  55     0	
640 EB+13  56     0	
640 EB+13  57     0	
640 EB+13  58     0	
640 EB+13  59     0	
640 EB+13  60     0	
640 EB+13  61     0	
640 EB+13  62    -3	
640 EB+13  63     0	
640 EB+13  64     0	
640 EB+13  65     0	
640 EB+13  66     0	
640 EB+13  67     0	
640 EB+13  68     0	
641 EB+14   1     0	
641 EB+14   2     0	
641 EB+14   3     0	
641 EB+14   4     0	
641 EB+14   5     0	
641 EB+14   6     0	
641 EB+14   7     0	
641 EB+14   8     0	
641 EB+14   9     0	
641 EB+14  10     0	
641 EB+14  11     0	
641 EB+14  12     0	
641 EB+14  13     0	
641 EB+14  14     0	
641 EB+14  15     0	
641 EB+14  16     0	
641 EB+14  17     0	
641 EB+14  18     0	
641 EB+14  19     0	
641 EB+14  20     0	
641 EB+14  21     0	
641 EB+14  22     0	
641 EB+14  23     0	
641 EB+14  24     0	
641 EB+14  25     0	
641 EB+14  26     0	
641 EB+14  27     0	
641 EB+14  28     0	
641 EB+14  29     0	
641 EB+14  30     0	
641 EB+14  31     0	
641 EB+14  32     0	
641 EB+14  33     0	
641 EB+14  34     0	
641 EB+14  35     0	
641 EB+14  36     0	
641 EB+14  37     0	
641 EB+14  38     0	
641 EB+14  39     0	
641 EB+14  40     0	
641 EB+14  41     0	
641 EB+14  42     0	
641 EB+14  43     0	
641 EB+14  44     0	
641 EB+14  45     0	
641 EB+14  46     0	
641 EB+14  47     0	
641 EB+14  48     0	
641 EB+14  49     0	
641 EB+14  50     0	
641 EB+14  51     0	
641 EB+14  52     0	
641 EB+14  53     0	
641 EB+14  54     0	
641 EB+14  55     0	
641 EB+14  56     0	
641 EB+14  57     0	
641 EB+14  58     0	
641 EB+14  59     0	
641 EB+14  60     0	
641 EB+14  61     0	
641 EB+14  62     0	
641 EB+14  63     0	
641 EB+14  64     0	
641 EB+14  65     0	
641 EB+14  66     0	
641 EB+14  67     0	
641 EB+14  68     0	
642 EB+15   1     0	
642 EB+15   2     0	
642 EB+15   3     0	
642 EB+15   4     0	
642 EB+15   5     0	
642 EB+15   6     0	
642 EB+15   7     0	
642 EB+15   8     0	
642 EB+15   9     0	
642 EB+15  10     0	
642 EB+15  11     0	
642 EB+15  12     0	
642 EB+15  13     0	
642 EB+15  14     0	
642 EB+15  15     0	
642 EB+15  16     0	
642 EB+15  17     0	
642 EB+15  18     0	
642 EB+15  19     0	
642 EB+15  20     0	
642 EB+15  21     0	
642 EB+15  22     0	
642 EB+15  23     0	
642 EB+15  24     0	
642 EB+15  25     0	
642 EB+15  26     0	
642 EB+15  27     0	
642 EB+15  28     0	
642 EB+15  29     0	
642 EB+15  30     0	
642 EB+15  31     0	
642 EB+15  32     0	
642 EB+15  33     0	
642 EB+15  34     0	
642 EB+15  35     0	
642 EB+15  36     0	
642 EB+15  37     0	
642 EB+15  38     0	
642 EB+15  39     0	
642 EB+15  40     0	
642 EB+15  41     0	
642 EB+15  42     0	
642 EB+15  43     0	
642 EB+15  44     0	
642 EB+15  45     0	
642 EB+15  46     0	
642 EB+15  47     0	
642 EB+15  48     0	
642 EB+15  49     0	
642 EB+15  50     0	
642 EB+15  51     0	
642 EB+15  52     0	
642 EB+15  53     0	
642 EB+15  54     0	
642 EB+15  55     0	
642 EB+15  56     0	
642 EB+15  57     0	
642 EB+15  58     0	
642 EB+15  59     0	
642 EB+15  60     0	
642 EB+15  61     0	
642 EB+15  62     0	
642 EB+15  63     0	
642 EB+15  64     0	
642 EB+15  65     0	
642 EB+15  66     0	
642 EB+15  67     0	
642 EB+15  68     0	
643 EB+16   1     0	
643 EB+16   2     0	
643 EB+16   3     0	
643 EB+16   4     0	
643 EB+16   5     0	
643 EB+16   6     0	
643 EB+16   7     0	
643 EB+16   8     0	
643 EB+16   9     0	
643 EB+16  10     0	
643 EB+16  11     0	
643 EB+16  12     0	
643 EB+16  13     0	
643 EB+16  14     0	
643 EB+16  15     0	
643 EB+16  16     0	
643 EB+16  17     0	
643 EB+16  18     0	
643 EB+16  19     0	
643 EB+16  20     0	
643 EB+16  21     0	
643 EB+16  22     0	
643 EB+16  23     0	
643 EB+16  24     0	
643 EB+16  25     0	
643 EB+16  26     0	
643 EB+16  27     0	
643 EB+16  28     0	
643 EB+16  29     0	
643 EB+16  30     0	
643 EB+16  31     0	
643 EB+16  32     0	
643 EB+16  33     0	
643 EB+16  34     0	
643 EB+16  35     0	
643 EB+16  36     0	
643 EB+16  37     0	
643 EB+16  38     0	
643 EB+16  39     0	
643 EB+16  40     0	
643 EB+16  41     0	
643 EB+16  42     0	
643 EB+16  43     0	
643 EB+16  44     0	
643 EB+16  45     0	
643 EB+16  46     0	
643 EB+16  47     0	
643 EB+16  48     0	
643 EB+16  49     0	
643 EB+16  50     0	
643 EB+16  51     0	
643 EB+16  52     0	
643 EB+16  53     0	
643 EB+16  54     0	
643 EB+16  55     0	
643 EB+16  56     0	
643 EB+16  57     0	
643 EB+16  58     0	
643 EB+16  59     0	
643 EB+16  60     0	
643 EB+16  61     0	
643 EB+16  62     0	
643 EB+16  63     0	
643 EB+16  64     0	
643 EB+16  65     0	
643 EB+16  66     0	
643 EB+16  67     0	
643 EB+16  68     0	
644 EB+17   1     0	
644 EB+17   2     0	
644 EB+17   3     0	
644 EB+17   4     0	
644 EB+17   5     0	
644 EB+17   6     0	
644 EB+17   7     0	
644 EB+17   8     0	
644 EB+17   9     0	
644 EB+17  10     0	
644 EB+17  11     0	
644 EB+17  12     0	
644 EB+17  13     0	
644 EB+17  14     0	
644 EB+17  15     0	
644 EB+17  16     0	
644 EB+17  17     0	
644 EB+17  18     0	
644 EB+17  19     0	
644 EB+17  20     0	
644 EB+17  21     0	
644 EB+17  22     0	
644 EB+17  23     0	
644 EB+17  24     0	
644 EB+17  25     0	
644 EB+17  26     0	
644 EB+17  27     0	
644 EB+17  28     0	
644 EB+17  29     0	
644 EB+17  30     0	
644 EB+17  31     0	
644 EB+17  32    -3	
644 EB+17  33     0	
644 EB+17  34     0	
644 EB+17  35     0	
644 EB+17  36     0	
644 EB+17  37     0	
644 EB+17  38     0	
644 EB+17  39     0	
644 EB+17  40     0	
644 EB+17  41     0	
644 EB+17  42     0	
644 EB+17  43     0	
644 EB+17  44     0	
644 EB+17  45     0	
644 EB+17  46     0	
644 EB+17  47     0	
644 EB+17  48     0	
644 EB+17  49     0	
644 EB+17  50     0	
644 EB+17  51     0	
644 EB+17  52     0	
644 EB+17  53     0	
644 EB+17  54     0	
644 EB+17  55     0	
644 EB+17  56     0	
644 EB+17  57     0	
644 EB+17  58     0	
644 EB+17  59     0	
644 EB+17  60     0	
644 EB+17  61     0	
644 EB+17  62     0	
644 EB+17  63     0	
644 EB+17  64     0	
644 EB+17  65     0	
644 EB+17  66     0	
644 EB+17  67     0	
644 EB+17  68     0	
645 EB+18   1     0	
645 EB+18   2     0	
645 EB+18   3     0	
645 EB+18   4     0	
645 EB+18   5     0	
645 EB+18   6     0	
645 EB+18   7     0	
645 EB+18   8     0	
645 EB+18   9     0	
645 EB+18  10     0	
645 EB+18  11     0	
645 EB+18  12     0	
645 EB+18  13     0	
645 EB+18  14     0	
645 EB+18  15     0	
645 EB+18  16     0	
645 EB+18  17     0	
645 EB+18  18     0	
645 EB+18  19     0	
645 EB+18  20     0	
645 EB+18  21     0	
645 EB+18  22     0	
645 EB+18  23     0	
645 EB+18  24     0	
645 EB+18  25     0	
645 EB+18  26     0	
645 EB+18  27     0	
645 EB+18  28     0	
645 EB+18  29     0	
645 EB+18  30     0	
645 EB+18  31     0	
645 EB+18  32     0	
645 EB+18  33     0	
645 EB+18  34     0	
645 EB+18  35     0	
645 EB+18  36     0	
645 EB+18  37     0	
645 EB+18  38     0	
645 EB+18  39     0	
645 EB+18  40     0	
645 EB+18  41     0	
645 EB+18  42     0	
645 EB+18  43     0	
645 EB+18  44     0	
645 EB+18  45     0	
645 EB+18  46     0	
645 EB+18  47     0	
645 EB+18  48     0	
645 EB+18  49     0	
645 EB+18  50     0	
645 EB+18  51     0	
645 EB+18  52     0	
645 EB+18  53     0	
645 EB+18  54     0	
645 EB+18  55     0	
645 EB+18  56     0	
645 EB+18  57     0	
645 EB+18  58     0	
645 EB+18  59     0	
645 EB+18  60     0	
645 EB+18  61     0	
645 EB+18  62     0	
645 EB+18  63     0	
645 EB+18  64     0	
645 EB+18  65     0	
645 EB+18  66     0	
645 EB+18  67     0	
645 EB+18  68     0	
